Hqp = 0;
size1 = importFLTFromStr("22.0687476027359,3.92355206157886,-18.8982788133762,-8.2737299042611,11.4376933262829,7.09664315670325,-3.37383925514017,-0.0929138090474666,-1.01162787896663,-10.0397333493875,-0.737171960754976,
3.92355206157886,21.2265672132245,2.66333554243068,-17.1628994760032,-6.2749354877297,9.37200605136688,4.58036170581941,-1.3368924978676,2.85364794277863,-2.50377765283221,-13.1094385552175,
-18.8982788133762,2.66333554243068,20.5370921680533,3.70641103701433,-16.3740222218669,-7.01628426552672,8.8073057638504,5.16064708484659,-1.08610899935743,2.3226210006472,-2.43346007812693,
-8.2737299042611,-17.1628994760032,3.70641103701433,18.9791157530602,2.44772924501879,-15.1692345713078,-5.98814830200542,7.81506972061778,4.48982293116374,-0.221657337308358,2.59082954388225,
11.4376933262829,-6.2749354877297,-16.3740222218669,2.44772924501879,18.2887426887198,3.0251201184863,-15.0887377747966,-6.28001314519325,8.47640340444758,4.89864271397905,-1.52099290255272,
7.09664315670325,9.37200605136688,-7.01628426552672,-15.1692345713078,3.0251201184863,17.8372383025219,3.13972473570418,-14.9396108620844,-7.22046494491334,8.159071417072,6.5296797572738,
-3.37383925514017,4.58036170581941,8.8073057638504,-5.98814830200542,-15.0887377747966,3.13972473570418,18.8821127697556,2.62339248148609,-17.261378682009,-7.12567668264366,11.4650047551685,
-0.0929138090474666,-1.3368924978676,5.16064708484659,7.81506972061778,-6.28001314519325,-14.9396108620844,2.62339248148609,19.0460331579966,4.07477560070796,-17.1629119090222,-9.32172072391202,
-1.01162787896663,2.85364794277863,-1.08610899935743,4.48982293116374,8.47640340444758,-7.22046494491334,-17.261378682009,4.07477560070796,23.1916833107794,3.37984433155624,-22.6344259820326,
-10.0397333493875,-2.50377765283221,2.3226210006472,-0.221657337308358,4.89864271397905,8.159071417072,-7.12567668264366,-17.1629119090222,3.37984433155624,22.9688408780279,4.57551539126143,
-0.737171960754976,-13.1094385552175,-2.43346007812693,2.59082954388225,-1.52099290255272,6.5296797572738,11.4650047551685,-9.32172072391202,-22.6344259820326,4.57551539126143,29.961706844426", Hqp);
fqp = Hqp + size1;
size2 = importFLTFromStr("-0.604823086799924,-2.18888656500654,-1.41226341608866,0.454339337804879,2.28500684792104,1.95733379539057,-1.54599456758358,-3.85559799223805,-0.419048593308961,4.35261786404366,2.82836534999921", fqp);
Aqp = fqp + size2;
size3 = importFLTFromStr("1.02040816326531,1.04123281965848,1.06248246903926,1.08416578473394,1.10629161707545,1.12886899701576,1.151907139812,1.17541544878776,1.19940351917118,1.22388114201141,1.24885830817491,
-0.545217527377471,0.254699712740897,0.925789056241339,1.03639547305279,0.493140409744827,-0.385806717969578,-1.05589228735541,-1.08279895254564,-0.422912828068319,0.532858802264391,1.18951436880875,
-0.957769395381794,0.212639258014996,1.06062590474401,0.094651952419846,-1.07615289718986,-0.4192405785086,0.995595024464457,0.733207239520182,-0.818155706200848,-1.0072439846862,0.551739076291364,
-0.481699001676966,-0.399708348083916,1.01775944160168,-0.898183976795392,0.100224570281882,0.805784795517314,-1.14497838242918,0.639659253112672,0.36610867147574,-1.13884093352657,1.08953832748654,
1.02040816326531,-1.04123281965848,1.06248246903926,-1.08416578473394,1.10629161707545,-1.12886899701576,1.151907139812,-1.17541544878776,1.19940351917118,-1.22388114201141,1.24885830817491,
0.461620421976465,0.939735448360786,1.03893140120607,0.701505737645308,0.0525903240144286,-0.645390367698563,-1.09837801317774,-1.10411478760231,-0.641725753070843,0.111947124252435,0.849208407723956,
-0.386677351836408,0.783816990872018,0.920771895854094,-0.207449699557091,-1.09587479746949,-0.508436517845976,0.804953315553022,1.06152393290368,-0.136411869610185,-1.19547010779509,-0.648242000899853,
-0.638181220164432,-0.842372700938371,0.583134834682291,0.933428062457185,-0.517024167871621,-1.02185260791756,0.439647105051713,1.10644969877959,-0.350908774874597,-1.18596419259235,0.250831621858435,
-0.45254446062828,-0.523473893396077,1.06071047784544,-0.649453222965719,-0.373069519183457,1.09636154715583,-0.846207387069201,-0.188617305956749,1.0935089164427,-1.03505261572591,0.0270196330504577,
0.329439729512166,0.0118966083119613,-0.365911059485706,0.691580421993174,-0.949516476685068,1.10665587238614,-1.14040112275917,1.04170410912179,-0.816686616138804,0.486547397461265,-0.085696026577643,
0.976584608129746,0.961418146517937,0.498604513033815,-0.215123818693729,-0.85825702454573,-1.12885249480908,-0.885733143491422,-0.220758044609788,0.57427970463654,1.13508151208865,1.19123827424383,
0.492801068303655,1.03909448629399,0.389965062325921,-0.743017384827194,-1.05180704457975,-0.140480212271548,0.973083487413308,0.991987604544937,-0.151061740048994,-1.16417907218465,-0.854507326379299,
0.703138806073516,-0.728456348165142,-0.785241068939075,0.701242763071439,0.868744567535768,-0.666819061135025,-0.953181407802795,0.624819901382478,1.03803776702296,-0.574902340286576,-1.12275363299453,
0.0831851306008439,-0.967907811954996,0.788803115864742,0.294389305311528,-1.08758626973596,0.677132834719139,0.52000193499264,-1.1753654485211,0.521608892777672,0.752063159369885,-1.22331514781151,
0.831617451681292,-0.619668043167234,0.336388354907639,-0.00745056031571701,-0.335802828165581,0.659290978164581,-0.929524242252587,1.11701123368312,-1.19940253187656,1.16404262088781,-1.00964789617012,
-0.176615151656533,0.501197327104768,0.981707391517174,1.04082654261653,0.634610029195304,-0.0735654542705202,-0.777878866409504,-1.16163501283413,-1.03914686469567,-0.444589760017794,0.374292297179196,
0.00208358507130849,0.964480818462905,0.743253053643682,-0.429807811191521,-1.10608693449596,-0.407336296094098,0.836874215004118,1.07093059161072,-0.0436860413663571,-1.1488519033372,-0.842430905605164,
0.677865508353613,-0.812582642086664,-0.621138700499495,0.910814956767311,0.55183635354414,-1.00587585025252,-0.469770428068549,1.09630449673363,0.374897360099108,-1.18057529674701,-0.267330768130948,
1.01715825853929,-1.01350645780009,0.909980556309847,-0.712648849293374,0.437059826296795,-0.107103179470082,-0.246996880989531,0.591394334802282,-0.891802278595268,1.11684839198079,-1.24128197983834,
-1.02040816326531,-1.04123281965848,-1.06248246903926,-1.08416578473394,-1.10629161707545,-1.12886899701576,-1.151907139812,-1.17541544878776,-1.19940351917118,-1.22388114201141,-1.24885830817491,
-0.147304609444252,0.545772381877159,1.00771562943283,1.00917450931686,0.530467730015181,-0.220405869841206,-0.897357761452606,-1.17520559647531,-0.905276510033998,-0.193432578455391,0.639809518288045,
0.292750453860715,1.03992831477329,0.405032812358518,-0.806332434427214,-0.972135298728476,0.176001057117987,1.13235735172321,0.58968809879412,-0.776527037997911,-1.14405930475798,0.027611518257668,
-0.33492239739791,0.950841875387666,0.514119321011115,-0.900623099657082,-0.691970107052965,0.817398727994003,0.862678337199876,-0.70105020545619,-1.02018796929785,0.552507462025496,1.15835500326371,
-0.359282387636594,1.00240846244154,-0.837322685376195,-0.0318288806643632,0.910313338299538,-1.0669802694879,0.341606762338243,0.698140146920573,-1.19940057967575,0.722559543111887,0.375635788609317,
-0.255011626859607,0.52266927685834,-0.761559876569443,0.952304816645239,-1.07839293518316,1.12755614086469,-1.09287863033062,0.973544243847492,-0.775150124600568,0.509544912695063,-0.194184191256828,
-0.969199352941427,-0.554727110827657,0.136604652605379,0.792472242258553,1.10428127083496,0.911830149173954,0.284448532121374,-0.502004408141046,-1.08580454066546,-1.18521183459658,-0.733702592297857,
-0.428667409690316,0.729031440979579,0.972722599696021,-0.0567599630600432,-1.05381289302924,-0.701780504626398,0.590560444349903,1.15711718775947,0.220558363324568,-1.04557940767183,-0.984588652886978,
1.02036475461595,-0.0820745059004496,-1.05077500811026,0.234767078104213,1.06074252406774,-0.395171915875729,-1.04832852716129,0.560426747823035,1.01192101135083,-0.727322227284599,-0.950297530678665,
0.129506031712881,0.189995230410377,-0.504019022518512,0.781512477916543,-0.993728434321844,1.11714254935182,-1.13597798432964,1.04407363276603,-0.845885426190584,0.556486675707511,-0.200526143166638,
0.0972059179116024,0.736212178892844,1.05763664454254,0.898227456556008,0.312628288215558,-0.443164616910136,-1.02309164405801,-1.14898189377918,-0.74330309907166,0.0263454048291921,0.815421133599293,
0.785693501625264,0.906129336824362,-0.160222883897886,-1.05981643775786,-0.602617382802043,0.666004080474227,1.11099651115036,0.113139099224968,-1.07466491158679,-0.898031123122732,0.466988855665731,
0.623312879157119,0.411520418026609,-1.05706327153808,0.619658895333564,0.486216594749845,-1.12732477471374,0.611551666433465,0.567414026209745,-1.19939583279868,0.598469409932458,0.655428691309795,
0.707705191449463,-0.457763691944824,0.152448847038005,0.180463817632952,-0.509336464598515,0.80162448521478,-1.02704317863821,1.16064251044002,-1.18548344592187,1.09463594072669,-0.892273913456296,
0.942674829324121,0.995468036451554,0.584730681890757,-0.116495655361001,-0.792135654463189,-1.12505131181088,-0.94536401946545,-0.316000378529324,0.487147383396502,1.09551022436539,1.21644771430861,
-0.231015371747598,0.860661954838873,0.874748101848631,-0.251562314320876,-1.09618846977454,-0.545827903490765,0.739176012062838,1.11302029455965,0.0505116065961587,-1.12169210653655,-0.879150384775032,
0.987260960967215,-0.159289647665905,-0.898635975451558,0.895489909340897,0.208611365441328,-1.10179195755089,0.677368368028912,0.597244142435962,-1.19022046849355,0.344509201537842,0.959578187742934,
0.953702136334979,-1.03981952591404,1.0269448328679,-0.912265986511433,0.702894495028293,-0.415573313412915,0.0754228502708732,0.286190882851759,-0.634491941351928,0.934583314414205,-1.15488334018657,
-0.569782515399155,0.101809819429634,0.753472446175513,1.07956962497469,0.91414602546397,0.314311441076217,-0.457274606612778,-1.04678597577871,-1.17097236738735,-0.752559166823144,0.0351145405774263,
0.439969013021145,1.03796963519009,0.301178089557009,-0.860452366843176,-0.943028590206402,0.206093585719977,1.13267245195348,0.61397320029566,-0.730246362811303,-1.17347374274093,-0.0980548002640623,
0.704344620038696,-0.798795233001583,-0.62675794258771,0.915395860375254,0.530407477831336,-1.02394272434712,-0.415594614756567,1.12163925508127,0.283006475230915,-1.2056652941299,-0.133734967630133,
0.534154334997421,-0.247023028167435,-0.0762954424571913,0.405425152362547,-0.708164904732609,0.953586894059434,-1.11513762403236,1.1734355293588,-1.11847704697337,0.951009302983719,-0.682899753094086,
-0.179557990148575,0.511439940235835,0.991727807823406,1.02798549614613,0.58494656911825,-0.149941208873161,-0.845002569481638,-1.17351326193809,-0.96671402122999,-0.299253078687146,0.535690642137247,
-0.829095907804053,0.262941289988048,1.05585416386338,0.499500769882364,-0.733566865226649,-1.05734448812237,-0.010561455181579,1.09320681019799,0.811637043496646,-0.543858071597727,-1.24341256162388,
1.00745537051022,-0.226823264887946,-1.02119253058666,0.361349419801096,1.0190064481759,-0.501154506383091,-0.999593493298837,0.644344590497832,0.961828434315267,-0.788809719485041,-0.904798272455142,
1.0030452225694,-0.915672907296168,0.73442344479394,-0.473295073165271,0.154738334911294,0.192208769215934,-0.534511964853022,0.838232715920911,-1.07183687842097,1.20940273467801,-1.23340798489269,
-0.0741317340842284,0.60277358649241,1.02586103758323,0.986919385801203,0.485098693258378,-0.264142341547827,-0.920819979977544,-1.17419493044941,-0.889213708556245,-0.176874911542316,0.647504670469714,
0.316578351295329,1.03983225992824,0.432460556328887,-0.765757441011645,-1.01151520978079,0.0559929997542816,1.09426006380847,0.743680675530838,-0.594336452116182,-1.20993349086877,-0.267916777322323,
0.164851361489852,-1.0358256464658,-0.044236684159266,1.08397700170792,-0.0872741445599668,-1.1179372543906,0.228384823989639,1.13594043357165,-0.377528379671333,-1.13634049838894,0.532870754749416,
-0.109288289465856,0.423368357992357,-0.708661634839891,0.935855906544783,-1.08015794648568,1.1239240522566,-1.0586942213122,0.88640483874731,-0.61962645376105,0.280763005590773,0.0997513802194936,
0.159089954248828,0.780030942596267,1.06187517563089,0.858865754637685,0.245926923536802,-0.507267113262153,-1.05434704294069,-1.13102947827997,-0.682066081961574,0.104306221244354,0.874334974664592,
-0.699761632489264,0.450922152935068,1.05902960030082,0.306492787962503,-0.878112688689038,-0.962570567557452,0.208992719838653,1.15540023018176,0.629013577956417,-0.742128687342804,-1.19874703508572,
0.74597549545207,-0.753442897500305,-0.687470058146367,0.865957454083966,0.613222120114671,-0.974314782266397,-0.523075101094798,1.07645982495728,0.417109437366974,-1.17026231895225,-0.295661264654863,
0.214800654940777,-0.520557084975327,0.787596601945433,-0.987994146442442,1.0992437681281,-1.10670103584667,1.00535105192559,-0.800699946777097,0.508665815876744,-0.154438596330757,-0.229621220492465,
-0.00199431140305565,0.661464751724591,1.04293377028387,0.952384395807342,0.412701083424743,-0.342242255313061,-0.968258060483329,-1.16726231512371,-0.828580076360669,-0.0884320819241221,0.723591214327208,
0.494349152585783,1.03125769715325,0.240862489959881,-0.897301156410423,-0.908239993548372,0.268838542382528,1.14266534396115,0.557299115098863,-0.781451629283666,-1.15284208280497,-0.0310059681377997,
0.818398073134489,0.572853296966245,-0.919379995940621,-0.488563983388805,1.01463246438287,0.389619190155647,-1.10219909073448,-0.276316734858469,1.18007777539793,0.149201705820508,-1.24624784479019,
0.869261926531159,-0.677231565205266,0.41051695885618,-0.0923332833609666,-0.248072872301209,0.578058150088044,-0.864660578325398,1.0778360593584,-1.19354064199483,1.19634834773093,-1.08132731645303,
0.124604523559783,0.756172552911137,1.06005747663393,0.880595887097114,0.281807071068923,-0.47349596799468,-1.03844906007401,-1.14092825897693,-0.713926466008369,0.0646442626944543,0.845078190289047,
-0.154784817408333,0.903857318947557,0.823437216197668,-0.337780768856205,-1.10488702833793,-0.457859327503225,0.814964051911173,1.07387487647545,-0.0617226493143207,-1.163378901775,-0.78815799862009,
0.899076297831149,-0.544513590937921,-0.872080725098597,0.669573726199688,0.829257575595242,-0.794751906733174,-0.769940344592379,0.91811231974426,0.693662811641467,-1.03758447830249,-0.600183144508422,
0.837620909656893,0.26393640153204,-1.05766085245562,0.468536732914692,0.771969431246112,-1.03041924454538,-0.0795901555216683,1.12884469945083,-0.710514251056242,-0.676019284234964,1.21493751812601,
0.879912804585851,-1.01624027495377,1.05800011966775,-0.997176041818674,0.835534722985301,-0.584855029947975,0.266179593927493,0.0918777629065889,-0.455640816809258,0.789482266822477,-1.05925570002948,
0.0529211432213485,0.703820428550185,1.05235543957065,0.923036207746967,0.356646813812034,-0.399913237160313,-1.0006142702832,-1.1580598235773,-0.780330150742424,-0.022036521674123,0.777830983108147,
0.227187679287472,1.03064907453524,0.518614062158379,-0.693150701337763,-1.0478780780993,-0.0460619749536261,1.05733486690312,0.822683580389656,-0.498141325637694,-1.22159945733863,-0.376399941252265,
-0.044494201771163,-1.03589647188838,0.168175085244564,1.05882798205474,-0.299652975690136,-1.06724007077236,0.437541533605624,1.05978001315642,-0.580238143922269,-1.03522781361782,0.725930610500928,
0.945801438325973,0.0787948281431954,-1.03370479698151,0.559542023993312,0.729038453801842,-1.03510315672879,-0.116645064973483,1.15018104543879,-0.592424003363233,-0.829908608234118,1.13194766357079,
0.207327468725044,0.111016943301408,-0.431542798368792,0.722740455461323,-0.954692412632901,1.10208842334245,-1.14691072040582,1.08051101778828,-0.904849446758982,0.632738727964461,-0.287028490372827,
-0.0458571563658159,0.626322625481943,1.0332706265465,0.973710255050467,0.456264015600282,-0.295924732562698,-0.940716523665653,-1.17209691285469,-0.864797057885493,-0.140337918905237,0.679632467546825,
0.0331850572288656,0.983452964855861,0.686038053809429,-0.521332652897529,-1.09631395524853,-0.260457775590878,0.950676570297779,0.967772829818149,-0.280773302427769,-1.2134038383413,-0.596729661666645,
0.444992426507999,-0.961568061120349,-0.350494882766718,1.04234892102231,0.242620815645116,-1.11380092837998,-0.121913470718148,1.17403336541686,-0.0108396197092152,-1.22116997641741,0.154598261181752,
0.96738099315333,0.0312596031804125,-1.02574172659721,0.573614366048059,0.729058083461663,-1.02810355920952,-0.151560586264055,1.1600600170973,-0.527728535041684,-0.896030964213219,1.07899848295942,
0.984331626286174,-1.04019149473591,0.995804843776191,-0.851414191448119,0.617131190395596,-0.312346678526688,-0.0357984063875736,0.394769222844407,-0.729622145317862,1.006350444634,-1.19527555400231,
0.0120536588413883,0.672509092445889,1.04564525377534,0.945088718190581,0.398340964132297,-0.357266188588719,-0.976925553429637,-1.16519923490698,-0.816239006266071,-0.0711118651987644,0.738000019488908,
-0.0679311947247062,0.944766056131984,0.762978538917002,-0.424673917621736,-1.10560418382734,-0.367910793122759,0.881616791599055,1.02905658902549,-0.163960864126815,-1.19162444081963,-0.702402303709236,
0.987050542075416,-0.321488055609035,-0.99005286446433,0.45083401880865,0.978012329993829,-0.584101450211314,-0.949848861740459,0.719561524703889,0.904640564094097,-0.855306034614006,-0.841651278785216,
0.969223952264629,0.0268859888331739,-1.02499606434106,0.574676966954368,0.729364144120375,-1.02722003130324,-0.155458707577518,1.16098096432207,-0.520758485061722,-0.902658776994769,1.07297116221666,
1.0073424487088,-0.927560830470954,0.7530439230176,-0.497090664608171,0.181576931822091,0.16484749152466,-0.509304110380257,0.817752757061995,-1.05829961861679,1.20443006027472,-1.23784442896405,
0.0235830189002492,0.68145286931326,1.04770921893392,0.939017122305845,0.386632209126559,-0.369370491932885,-0.98377782423236,-1.16337162326117,-0.806221002843037,-0.0572463078238443,0.7493868251503,
-0.122950123837705,0.919684957469118,0.801889088579094,-0.370047887147485,-1.1060938484466,-0.42514846074345,0.840187443111743,1.05829868452139,-0.0993966340907629,-1.17476498971026,-0.757275984138824,
0.616992294334503,-0.864111643256815,-0.541178008657687,0.963155398893994,0.450631966408486,-1.05567303057952,-0.345511451940463,1.13968764464123,0.22621188274457,-1.21318716862008,-0.0933807505193177,
0.964797971253002,0.0414602207726443,-1.02892320067912,0.560975420691574,0.741964850768048,-1.01975998778928,-0.17379328576666,1.16385247512291,-0.502411306228628,-0.916844294040067,1.06146376842158,
-0.0947663684107193,0.932890599396813,0.782218918980195,-0.398210987659007,-1.106248083822,-0.395936741591214,0.861752117739007,1.04368300079677,-0.132560013999164,-1.18384600713562,-0.729398593532171,
1.01234019473151,-0.189743252461523,-1.03185934110784,0.318416987532009,1.03711320872593,-0.453011629972183,-1.02682015059452,0.591950478833756,0.999830335061909,-0.733457154486187,-0.955154567053556,
-0.106664184114563,0.927407803069357,0.790590069737681,-0.386368353034731,-1.10628713689844,-0.408296408662659,0.852736597929157,1.04994655121754,-0.118583240593333,-1.18012681000079,-0.741226668558244,
0.69108189461522,-0.805282288224288,-0.625275429728821,0.911708557203503,0.544292644482436,-1.01303967899357,-0.448104438150968,1.10728495175605,0.336913629111392,-1.19239534223144,-0.211171348359868,
-0.00304157057769734,0.660679767208042,1.04274560910889,0.95283720014969,0.413546959205867,-0.341409842520554,-0.967806543200976,-1.16735501589034,-0.829119436472228,-0.089129839035708,0.723060700196094,
0.990521362839709,-0.307730375238628,-0.995333901277102,0.436953881925386,0.985215227370021,-0.570320931390293,-0.95906455405506,0.70612532740445,0.915935469264356,-0.842479715370261,-0.855063511486251,
0.767980426303127,-0.729432180886668,-0.714245155385235,0.843131912387014,0.644982364549076,-0.953410578618896,-0.559952345637344,1.05828110641089,0.459138151404635,-1.15567250579346,-0.342764605481858,
0.926957970322439,-0.48884353724279,-0.90794831610767,0.615296846910865,0.873350477353153,-0.742913684439869,-0.822385490689507,0.869825862016294,0.754460989640307,-0.99401881061191,-0.669196035935543,
0.0373683534401092,0.692031821908172,1.0500002569654,0.931605125011587,0.372582356773393,-0.383760924203877,-0.991791317722157,-1.16099535878658,-0.79413606623784,-0.0407035781119613,0.762833611665432,
0.843369854229209,-0.634547489863682,-0.803855389788197,0.754822198352887,0.748630597268729,-0.873590787569798,-0.6772240228798,0.988896690837233,0.589373836451983,-1.09867201322471,-0.485049508448827,
-0.101917742990298,0.92961117284675,0.787262253004723,-0.391101019510086,-1.10628976402623,-0.403370390517925,0.856348761894954,1.04746400995988,-0.124163473630723,-1.18163062512791,-0.73651807361498,
0.886264487799521,-0.567085356147723,-0.856417220624016,0.690731318929096,0.810863648039195,-0.814142454604393,-0.748983646728177,0.935397694668676,0.670356429421479,-1.05244749666802,-0.574783804930131,
1.02025799849175,-0.985526359297447,0.852202252353593,-0.629364496148163,0.335291163583947,0.00396309270753781,-0.356815047951379,0.689038651514754,-0.96703030971835,1.16114743911368,-1.24879417241569,
0.867183610251254,-0.598630558074169,-0.832856395540546,0.720819009990228,0.782808770707752,-0.842186396948784,-0.716488663681152,0.960793791338972,0.63354823550681,-1.07458159545181,-0.533866428699505,
0.0178618547287502,0.67702831128689,1.04670308572786,0.942039168513283,0.392433390936656,-0.363389673459846,-0.980406775005865,-1.16429302265467,-0.811178867274769,-0.0640867103508047,0.743785867799772,
-0.113077313858808,0.924396814496638,0.795061421059899,-0.379956981370524,-1.10624512862538,-0.414941351682573,0.847823995031265,1.05326592876536,-0.111035918618755,-1.17805300008019,-0.747565663452923,
0.854345610405804,-0.618426353038637,-0.817171399210488,0.739594867748366,0.764278777760386,-0.859567181758604,-0.695159674989957,0.976394282639356,0.609513248186591,-1.08801157399662,-0.507267959410153,
0.963230882495359,0.0464897834169913,-1.03023102594341,0.556204085053132,0.746291355330752,-1.01711329711024,-0.180150668819931,1.16477661034368,-0.495992632887867,-0.921720875362134,1.05737332465339,
-0.104532688806904,0.928399923227759,0.789097559641339,-0.388495029474864,-1.106291309528,-0.406085016211055,0.85436129932159,1.04883435851591,-0.121089936048284,-1.18080544854812,-0.739113775048316,
0.878544241569738,-0.58017791930972,-0.846845858339091,0.703243178112576,0.799432827506176,-0.825831973062103,-0.735712970950564,0.946015567236048,0.655295496628449,-1.06173994520641,-0.558013969034036,
0.963915855382605,0.044288776334725,-1.02965911847339,0.558313173080168,0.744375167096716,-1.01829537848898,-0.177310469788887,1.16436694770671,-0.498882496689533,-0.919524237367115,1.05922980753647", Aqp);
bqp = Aqp + size3;
size4 = importFLTFromStr("1.97037148904622e-05,0.681505819162303,0.477351900380616,4.84662138309615,4.2693213412032,0.252311617363396,0.148170556198848,0.324442401923893,3.63907474178944,0.648170631006106,0.016520003586375,0.317063324129725,0.294293314002861,2.11806866502768,0.0863781666012464,0.102287631594688,0.0902041966879185,0.0216630287326637,0.00691437974952497,1.97037148904622e-05,0.0459753863633222,0.105688130802059,0.407123957571924,4.25530850752317,0.84150070053098,0.00948468103480025,0.0232740563734202,0.0424704034363432,0.0150587266179403,0.00876812751724476,0.0146295535596622,2.67087019952407,0.00486861352224768,0.00868940364383416,0.00914652580444806,1.62166322164758,0.00103501535063137,0.00861777782894402,0.00265425300173838,0.0278464194455174,0.000784521280136119,0.00858648026990738,0.000769689807906613,0.00934473149953757,5.49835114870565e-05,0.00856831756014482,0.000409707358656276,0.0100717354369844,0.000136818474584303,0.00853358266644708,0.000152135947987155,0.0024052115635678,0.000266326935540565,0.00856767834594171,0.00015205843156606,0.000542122182484967,4.41347081675893e-05,0.00864632537406915,0.000137754285948591,0.00102636237415172,1.16803619260346,4.63943202108257e-05,0.00860926898503874,0.000138729128342717,0.000966902404398495,0.914928389989551,4.81020746995081e-05,0.008601932832154,0.000137677891401621,0.000514902007271771,0.839156387638488,4.39805977851018e-05,0.008603415699613,0.000137324491270731,0.000347537082720445,0.831964054050533,4.37058490220853e-05,0.00860796256701586,0.000137240222864552,0.000216258316525577,0.830013837810228,0.000137309468656541,0.000120739257056922,0.000137288854143728,9.80085922508666e-05,0.00860749824659077,6.65514959209094e-05,6.40004680510848e-05,5.80385873454097e-05,0.00860919709801579,5.82496059003559e-05,0.00013731374399987,5.7391601799819e-05,4.37188798739922e-05,5.7551790845976e-05,0.00860920954083408,0.000137290197850756,5.77026119012577e-05,0.829310305782829,0.00013730432370936,5.73939508002436e-05,0.829666408962277", bqp);
x = bqp + size4;
problemLen = 11;
constraintLen = 102;
fval = quadprog(Hqp, fqp, Aqp, bqp, problemLen, constraintLen, x);
printf("fval = %f\nSolution of quadratic programming:\n", fval);
idx = 0;
loop(problemLen, printf("%f\n", x[idx]); idx += 1);